P1_tot coordinates (x, y, z)
14.438321 -11.440206 -5.791594
16.675321 -9.025205 -3.899594
20.267320 -9.909205 -3.038594
21.531320 -9.200205 0.462406
24.546321 -7.385205 -0.991594
22.243320 -4.887205 -2.720594
20.123321 -4.330205 0.377406
23.190320 -3.867205 2.547406
24.762321 -1.362205 0.151406
21.625320 0.784795 0.011406
21.113321 0.559795 3.777406
24.686321 1.706795 4.334406
24.136321 4.641795 1.998406
21.041320 5.718795 3.904406
22.847320 5.371795 7.229406
25.658321 7.590795 5.965406
23.211320 10.246795 4.796406
21.567321 10.301795 8.216406
24.928321 10.376795 9.986406
25.955320 13.360795 7.851406
22.756320 15.258795 8.657406
21.306320 15.177794 5.169406
18.061321 17.153794 4.873406
15.854320 18.263795 1.997406
17.775321 21.539794 1.925406
21.229320 19.992795 1.555406
20.318321 16.739795 -0.224594
21.225320 18.002795 -3.677594
24.586320 19.317796 -2.503594
25.273321 16.056795 -0.667594
24.477321 14.017795 -3.764594
26.562320 16.254794 -6.032594
29.531320 15.915795 -3.682594
29.243320 12.144794 -3.299594
27.959321 10.828794 -6.637594
28.835321 11.246795 -10.311594
26.802320 13.774795 -12.304594
25.899320 10.999795 -14.730594
24.165321 9.054795 -11.956594
22.409320 12.183795 -10.696594
21.127321 13.112795 -14.155594
19.918321 9.553795 -14.734594
17.924320 9.587795 -11.494594
16.283321 12.912795 -12.374594
15.387321 11.571794 -15.800593
13.955321 8.276794 -14.542594
11.868321 9.910795 -11.829594
11.062320 12.895795 -14.030594
11.661320 15.086795 -11.001594
14.403321 17.413794 -9.783594
16.666320 16.006795 -7.058594
15.646320 18.873795 -4.770594
11.889321 18.532794 -5.269594
9.774321 17.648795 -2.245594
6.589321 15.831795 -1.308594
6.717320 13.605795 -4.356594
5.889321 10.716795 -2.041594
2.524320 12.286795 -1.231594
1.812321 12.831795 -4.917594
2.520321 9.143795 -5.463594
0.045321 8.316795 -2.684594
-2.573679 10.426795 -4.438594
-1.892680 8.790795 -7.791594
-2.552680 5.363795 -6.304594
-5.415680 6.476795 -4.036594
-7.800679 3.988795 -5.627594
-5.526680 1.004795 -5.007594
-6.408680 -1.366205 -2.201594
-4.183679 -1.339205 0.868406
-4.233679 -4.679205 2.635406
-2.448679 -3.109205 5.594406
-5.196680 -0.512205 5.910406
-7.878679 -3.198205 5.675406
-6.234679 -5.279205 8.391406
-5.836680 -2.279205 10.692406
-9.405679 -1.120205 10.143406
-10.788680 -4.588205 10.804406
-8.728679 -4.980205 13.978406
-10.078680 -1.773205 15.493406
-13.530679 -2.186205 13.960406
-13.212679 1.053795 11.976406
-16.026680 0.079795 9.621406
-16.349680 3.423795 7.882406
-12.625680 3.554795 7.113406
-12.782679 -0.020205 5.844406
-15.789679 0.858795 3.698406
-13.789679 3.624795 2.002406
-10.930680 1.234795 1.278406
-13.247679 -1.409205 -0.160594
-15.099680 1.083795 -2.334594
-11.814680 2.437795 -3.693594
-10.731680 -1.118205 -4.467594
-14.027679 -1.820205 -6.203594
-13.758679 1.320795 -8.308594
-10.125680 0.681795 -9.225594
-10.915680 -2.871205 -10.337594
-14.212679 -2.121205 -12.013594
-16.144680 -4.287205 -9.571594
-19.892680 -3.783205 -9.940594
-21.085679 -6.424205 -7.483594
-22.599679 -5.862205 -4.040594
-20.078679 -3.725205 -2.159594
-21.381680 -4.853205 1.230406
-20.664679 -8.502205 0.455406
-17.210679 -7.657205 -0.919594
-16.411680 -5.511205 2.115406
-17.543679 -8.209205 4.513406
-15.439680 -10.902206 2.870406
-12.326680 -8.710205 2.727406
-12.725679 -7.773205 6.391406
-13.092680 -11.440206 7.301406
-9.964679 -12.406205 5.350406
-8.036679 -9.558205 6.975406
-8.968680 -10.652206 10.496406
-8.352679 -14.347205 9.885406
-5.014680 -13.909205 8.150406
-2.068680 -11.576205 8.575406
-14.855679 10.112795 -6.063594
-16.806679 8.240795 -3.406594
-20.214680 9.441795 -2.272594
-20.975680 9.574795 1.445406
-24.174679 7.608795 0.873406
-22.172679 4.691795 -0.559594
-19.635680 4.738795 2.257406
-22.358679 4.913795 4.884406
-24.292679 2.013795 3.359406
-21.230679 -0.253205 3.279406
-20.166680 0.780795 6.783406
-23.647679 -0.053205 8.086406
-23.473679 -3.449205 6.412406
-20.152680 -4.225205 8.064406
-21.453679 -3.076205 11.440406
-24.443680 -5.386205 11.105406
-22.229680 -8.334205 10.225406
-20.110680 -7.715205 13.316406
-23.178679 -7.247205 15.512406
-24.532679 -10.573205 14.265406
-21.288680 -12.393205 15.018406
-20.355679 -13.143205 11.431406
-17.217679 -15.285205 11.139406
-15.456680 -17.100205 8.309406
-17.413680 -20.216205 9.237406
-20.874680 -18.637204 9.010406
-20.189679 -15.896205 6.449406
-21.601679 -17.837205 3.521406
-24.778679 -18.711206 5.414406
-25.146680 -15.092205 6.555406
-24.780680 -13.819205 3.005406
-27.199679 -16.399205 1.605406
-29.786679 -15.413205 4.203406
-29.401679 -11.666205 3.692406
-28.612679 -11.174205 0.000406
-30.021680 -12.336206 -3.333594
-28.345679 -15.336206 -4.966594
-27.742680 -13.209205 -8.058594
-25.596680 -10.797205 -6.046594
-23.730679 -13.652206 -4.369594
-22.971680 -15.379205 -7.667594
-21.789679 -12.105206 -9.194594
-19.346680 -11.529205 -6.335594
-17.917679 -15.042205 -6.644594
-17.497679 -14.550205 -10.387594
-15.844679 -11.130205 -10.129594
-13.417679 -12.202205 -7.414594
-12.985679 -15.653205 -8.949594
-13.138679 -17.053205 -5.441594
-15.680680 -18.935205 -3.327594
-17.506680 -16.852204 -0.724594
-16.166679 -19.119205 2.013406
-12.507680 -19.066205 0.913406
-9.949679 -17.595204 3.308406
-6.613680 -15.791205 3.364406
-7.106680 -14.306205 -0.077594
-5.949679 -11.006206 1.396406
-2.516680 -12.459205 2.116406
-2.273679 -13.844205 -1.399594
-3.018679 -10.354205 -2.701594
-0.203679 -8.991205 -0.528594
2.179320 -11.521205 -2.055594
1.080320 -10.683205 -5.584594
1.946320 -7.016205 -5.050594
5.089321 -7.638205 -2.985594
7.227320 -5.684205 -5.447594
5.045320 -2.576205 -5.283594
6.229320 0.390795 -3.257594
4.433320 1.098795 -0.002594
4.594321 4.767795 0.928406
3.300321 3.906795 4.395406
6.173321 1.464795 4.871406
8.689321 4.057795 3.665406
7.357320 6.682795 6.067406
7.403321 4.270795 9.001406
10.911320 3.035795 8.202406
12.239320 6.579795 7.887406
10.630321 7.647795 11.168406
12.291320 4.852795 13.126406
15.478320 4.940795 11.054406
15.007320 1.341795 9.891406
17.412321 1.807795 6.982406
17.633321 -1.830205 5.992406
13.850320 -2.166205 5.823406
13.680320 1.035795 3.790406
16.389320 -0.274205 1.471406
14.296320 -3.366205 0.744406
11.252321 -1.225205 -0.060594
13.237320 1.047795 -2.371594
14.871320 -1.856205 -4.191594
11.483321 -3.507205 -4.713594
10.157320 -0.221205 -6.094594
13.149321 0.092795 -8.401594
12.724321 -3.450205 -9.693594
8.978320 -3.073205 -10.179594
9.431321 0.151795 -12.142594
12.498321 -0.909205 -14.093594
14.659320 1.772795 -12.505594
18.340320 1.234795 -13.314594
19.761321 4.376795 -11.708594
21.746320 4.644795 -8.472594
19.616321 2.943795 -5.829594
21.314321 4.821795 -2.996594
20.335321 8.205795 -4.439594
16.771320 7.021795 -5.087594
16.496320 5.605795 -1.568594
17.817321 8.789795 -0.007594
15.400321 11.019794 -1.893594
12.401321 8.818795 -1.115594
13.320320 8.731795 2.575406
13.648321 12.512794 2.596406
10.260320 12.984795 0.927406
8.685320 10.560795 3.389406
10.029320 12.426795 6.426406
9.195320 15.889795 5.098406
5.673321 15.041795 3.994406
2.907320 12.849795 5.368406
