P2_tot coordinates (x, y, z)
15.114874 -10.593357 8.203401
16.414283 -7.024544 8.246748
19.230775 -6.075729 10.591004
18.484893 -3.205278 12.970886
21.739401 -1.461191 12.043219
20.735453 -1.297738 8.364701
17.201664 -0.155609 9.178762
18.597979 2.568443 11.423243
21.068091 3.705922 8.753406
18.323843 4.070760 6.144296
16.032078 5.754825 8.675312
18.784970 8.270746 9.435235
19.239345 8.923461 5.717566
15.534797 9.567696 5.242344
15.461238 11.849547 8.275960
18.398766 13.827269 6.877720
16.703459 14.193061 3.496782
13.577890 15.503577 5.239821
15.592268 17.870595 7.443008
17.408524 19.219203 4.369672
14.153466 19.869292 2.507850
14.766876 17.306321 -0.214628
12.048464 17.361556 -2.879231
11.496912 16.046713 -6.387131
13.096526 19.274054 -7.625179
16.396585 18.973396 -5.729313
16.793768 15.221400 -5.109418
19.399074 14.734048 -7.835010
21.539177 17.607431 -6.559976
21.196201 16.398093 -2.965438
22.306328 12.899939 -3.930073
25.147742 14.309994 -6.041855
26.422816 16.293015 -3.066447
26.075915 13.521052 -0.471382
26.855674 10.219466 -2.228687
29.563067 8.782051 -4.471996
29.093815 9.330744 -8.206247
29.561920 5.612474 -8.874034
26.689139 4.815802 -6.498430
24.485218 7.392107 -8.227710
25.194600 5.888501 -11.648017
24.549125 2.383212 -10.314648
21.156724 3.401401 -8.889569
20.163485 5.063443 -12.168641
21.139999 1.948059 -14.121153
19.397020 -0.417501 -11.708118
16.144105 1.569150 -11.711631
16.446188 2.361978 -15.441409
15.688622 6.033668 -14.849413
17.464318 9.319507 -14.395177
17.585738 9.859439 -10.651588
15.031336 12.710567 -10.850309
12.725418 11.292344 -13.582808
10.606134 9.129773 -11.323255
7.268272 9.079441 -13.130925
8.476557 7.106567 -16.157188
9.380836 4.072775 -14.020622
5.755643 3.002398 -13.725678
6.379131 -0.744971 -13.553874
8.845109 -0.482501 -10.670364
6.618348 2.047447 -8.903928
3.567775 -0.185121 -9.325733
5.464090 -3.196056 -7.969881
6.478960 -1.141894 -4.927367
2.907602 0.064052 -4.348646
1.512473 -3.454164 -4.731480
4.010954 -4.778627 -2.192742
3.152832 -2.033760 0.305090
-0.577107 -2.587035 -0.172124
-0.425492 -6.352722 0.270207
1.941972 -6.025721 3.219160
-0.302472 -3.480079 4.929107
-3.466849 -5.540975 4.483502
-1.815794 -8.794969 5.527656
-0.231467 -7.113323 8.546978
-3.573224 -5.654535 9.633143
-5.235538 -9.060829 9.326256
-2.416938 -10.813886 11.184152
-2.613444 -8.280628 14.019404
-6.433113 -8.414788 13.955532
-6.384286 -4.622903 13.531287
-9.967088 -4.624682 12.308693
-10.666549 -0.961532 12.980412
-7.592882 0.064285 10.955599
-8.669065 -2.110575 8.025072
-12.241438 -0.827082 8.356152
-11.017043 2.770461 8.062996
-9.036403 1.893700 4.930100
-12.004510 0.153487 3.295168
-14.474990 2.898206 4.209850
-12.142896 5.547312 2.798912
-11.937972 3.546166 -0.440366
-15.708990 3.147341 -0.548918
-16.319948 6.858500 0.017956
-13.653516 7.900565 -2.501161
-15.154728 5.638839 -5.178300
-18.791533 6.430931 -4.435753
-19.697255 2.901727 -3.370263
-23.183595 2.797840 -1.838237
-23.469755 -0.945428 -1.166690
-22.947713 -2.831550 2.097541
-19.588874 -1.745322 3.502182
-19.015833 -5.044740 5.308626
-19.373570 -7.061378 2.098622
-17.133934 -4.579274 0.255652
-14.534335 -4.809102 3.030948
-14.418929 -8.591272 2.792236
-14.186864 -8.507306 -0.996431
-11.343952 -5.981822 -1.018215
-9.396065 -7.933347 1.594666
-9.781892 -11.100282 -0.465306
-8.685946 -9.286761 -3.641906
-5.468240 -8.270857 -1.917343
-4.702317 -11.760288 -0.622748
-5.894284 -13.666221 -3.688365
-4.777091 -11.424225 -6.547297
-1.999442 -9.250909 -5.202014
-14.579189 12.066822 8.154134
-15.667890 8.561254 9.091679
-18.064945 8.038108 11.984539
-16.827302 5.740967 14.744944
-20.071707 3.763413 14.710749
-19.611197 2.868014 11.031932
-15.933816 2.000806 11.489223
-16.834769 -0.232668 14.425972
-19.604050 -1.956235 12.455494
-17.252038 -2.774137 9.574039
-14.521509 -3.846181 12.012457
-16.982555 -6.227437 13.666627
-17.934264 -7.641707 10.268122
-14.308671 -8.264233 9.358152
-13.649513 -9.867979 12.740192
-16.623253 -12.177904 12.234357
-15.417335 -13.180332 8.770928
-12.009792 -14.000484 10.219688
-13.515887 -15.925415 13.144776
-15.660166 -17.937977 10.722305
-12.675215 -18.834422 8.529354
-13.851607 -16.911794 5.500745
-11.567536 -17.421925 2.493806
-11.641970 -16.828821 -1.251522
-13.186096 -20.287287 -1.559235
-16.169922 -19.718334 0.745941
-16.715356 -15.931262 0.670578
-19.726309 -16.091305 -1.644087
-21.467416 -18.716872 0.486581
-20.666603 -16.789278 3.670838
-22.138245 -13.596783 2.238577
-25.169067 -15.499736 0.921900
-25.852815 -16.871802 4.399977
-25.288189 -13.629239 6.304204
-26.527718 -10.773534 4.079221
-29.625460 -9.910520 2.062780
-29.697389 -11.200154 -1.514545
-30.506989 -7.718531 -2.811232
-27.366101 -6.348171 -1.130817
-25.280389 -9.145185 -2.653118
-26.591410 -8.395975 -6.136361
-25.985940 -4.674277 -5.644016
-22.366386 -5.268490 -4.612597
-21.764716 -7.521633 -7.631062
-23.221705 -4.889190 -9.961597
-21.281751 -2.034161 -8.362388
-17.951792 -3.870886 -8.512612
-18.762268 -5.397091 -11.926751
-17.706101 -8.855436 -10.765785
-19.186456 -12.013054 -9.377296
-18.695644 -11.783396 -5.633360
-16.031570 -14.523532 -5.702665
-14.293553 -13.603282 -8.996912
-12.041535 -10.915078 -7.586262
-9.025362 -11.111633 -9.875376
-10.810641 -9.807544 -12.978745
-11.516784 -6.423679 -11.321699
-7.940363 -5.279534 -11.817264
-8.686305 -1.566715 -12.230863
-10.652055 -1.329659 -8.982632
-8.072441 -3.452314 -7.165423
-5.223396 -1.311086 -8.485245
-7.006101 1.885570 -7.413036
-7.441041 0.412328 -3.929306
-3.776476 -0.649902 -3.731837
-2.579596 2.737988 -4.984908
-4.679144 4.528298 -2.361142
-3.339014 2.311731 0.427271
0.249404 2.711654 -0.767720
0.133215 6.484913 -1.063980
-1.713466 6.825455 2.238981
0.800242 4.607844 4.034172
3.850857 6.424366 2.665714
2.409457 9.886631 3.267637
1.329741 8.928597 6.788709
4.790470 7.583469 7.613642
6.418848 10.779901 6.346903
3.960914 13.011993 8.211064
4.585396 11.107512 11.442818
8.346272 11.036961 10.771183
8.168634 7.245816 11.164509
11.528895 6.820853 9.475597
12.233775 3.332763 10.790116
8.872946 2.081928 9.487829
9.533297 3.561109 6.041579
13.081903 2.188826 6.107370
11.750966 -1.324899 6.756125
9.332636 -0.996864 3.836001
12.044594 0.221406 1.457801
14.574229 -2.399130 2.544285
11.996847 -5.160783 2.062982
11.327816 -3.841672 -1.453110
15.046382 -3.673275 -2.197233
15.651232 -7.218833 -0.972255
12.606269 -8.610596 -2.788221
13.712962 -7.016972 -6.077853
17.406162 -7.823020 -5.751276
18.531952 -4.204918 -5.583522
22.211225 -3.971431 -4.639930
22.668793 -0.195001 -4.808380
22.717622 2.319453 -1.954300
19.585655 1.728002 0.120183
19.388048 5.356361 1.280521
19.306435 6.656570 -2.298612
16.728728 4.004989 -3.236974
14.595949 4.933076 -0.216298
14.565743 8.604264 -1.182926
13.733182 7.800723 -4.802469
10.850777 5.494996 -3.901624
9.401923 8.025934 -1.467084
9.544128 10.715451 -4.151922
7.893827 8.395917 -6.693262
4.970129 7.912598 -4.324701
4.503785 11.619999 -3.630160
5.221817 12.839888 -7.170523
3.624390 10.156808 -9.332309
1.022298 8.619830 -7.077028
