-2.068680 -11.576205 8.575406 -2.068680 -11.576205 8.575406 -2.068680 -11.576205 8.575406 -2.068680 -11.576205 8.575406 -2.068680 -11.576205 8.575406 -2.068680 -11.576205 8.575406 -2.068680 -11.576205 8.575406 -2.068680 -11.576205 8.575406 -2.068680 -11.576205 8.575406 -2.068680 -11.576205 8.575406 -2.068680 -11.576205 8.575406 -2.068680 -11.576205 8.575406 -2.068680 -11.576205 8.575406 -2.068680 -11.576205 8.575406 -2.068680 -11.576205 8.575406 -2.068680 -11.576205 8.575406 -2.068680 -11.576205 8.575406 -2.068680
-14.855679 10.112795 -6.063594 -14.855679 10.112795 -6.063594 -14.855679 10.112795 -6.063594 -14.855679 10.112795 -6.063594 -14.855679 10.112795 -6.063594 -14.855679 10.112795 -6.063594 -14.855679 10.112795 -6.063594 -14.855679 10.112795 -6.063594 -14.855679 10.112795 -6.063594 -14.855679 10.112795 -6.063594 -14.855679 10.112795 -6.063594 -14.855679 10.112795 -6.063594 -14.855679 10.112795 -6.063594 -14.855679 10.112795 -6.063594 -14.855679 10.112795 -6.063594 -14.855679 10.112795 -6.063594 -14.855679 10.112795 -6.063594 -14.855679
-2.068680 -11.576205 8.575406 -2.068680 -11.576205 8.575406 -2.068680 -11.576205 8.575406 -2.068680 -11.576205 8.575406 -2.068680 -11.576205 8.575406 -2.068680 -11.576205 8.575406 -2.068680 -11.576205 8.575406 -2.068680 -11.576205 8.575406 -2.068680 -11.576205 8.575406 -2.068680 -11.576205 8.575406 -2.068680 -11.576205 8.575406 -2.068680 -11.576205 8.575406 -2.068680 -11.576205 8.575406 -2.068680 -11.576205 8.575406 -2.068680 -11.576205 8.575406 -2.068680 -11.576205 8.575406 -2.068680 -11.576205 8.575406 -2.068680
-14.855679 10.112795 -6.063594 -14.855679 10.112795 -6.063594 -14.855679 10.112795 -6.063594 -14.855679 10.112795 -6.063594 -14.855679 10.112795 -6.063594 -14.855679 10.112795 -6.063594 -14.855679 10.112795 -6.063594 -14.855679 10.112795 -6.063594 -14.855679 10.112795 -6.063594 -14.855679 10.112795 -6.063594 -14.855679 10.112795 -6.063594 -14.855679 10.112795 -6.063594 -14.855679 10.112795 -6.063594 -14.855679 10.112795 -6.063594 -14.855679 10.112795 -6.063594 -14.855679 10.112795 -6.063594 -14.855679 10.112795 -6.063594 -14.855679
-11.576205 8.575406 -2.068680 -11.576205 8.575406 -2.068680 -11.576205 8.575406 -2.068680 -11.576205 8.575406 -2.068680 -11.576205 8.575406 -2.068680 -11.576205 8.575406 -2.068680 -11.576205 8.575406 -2.068680 -11.576205 8.575406 -2.068680 -11.576205 8.575406 -2.068680 -11.576205 8.575406 -2.068680 -11.576205 8.575406 -2.068680 -11.576205 8.575406 -2.068680 -11.576205 8.575406 -2.068680 -11.576205 8.575406 -2.068680 -11.576205 8.575406 -16.806679 8.240795 -3.406594 -5.949679 -11.006206 1.396406 -2.516680 -12.459205
10.112795 -6.063594 -14.855679 10.112795 -6.063594 -14.855679 10.112795 -6.063594 -14.855679 10.112795 -6.063594 -14.855679 10.112795 -6.063594 -14.855679 10.112795 -6.063594 -14.855679 10.112795 -6.063594 -14.855679 10.112795 -6.063594 -14.855679 10.112795 -6.063594 -14.855679 10.112795 -6.063594 -14.855679 10.112795 -6.063594 -14.855679 10.112795 -6.063594 -14.855679 10.112795 -6.063594 -14.855679 10.112795 -6.063594 -14.855679 10.112795 -6.063594 -20.214680 9.441795 -2.272594 -2.516680 -12.459205 2.116406 -2.273679 -13.844205
-11.576205 8.575406 -2.068680 -11.576205 8.575406 -2.068680 -11.576205 8.575406 -2.068680 -11.576205 8.575406 -2.068680 -11.576205 8.575406 -2.068680 -11.576205 8.575406 -2.068680 -11.576205 8.575406 -2.068680 -11.576205 8.575406 -2.068680 -11.576205 8.575406 -2.068680 -11.576205 8.575406 -2.068680 -11.576205 8.575406 -2.068680 -11.576205 8.575406 -2.068680 -11.576205 8.575406 -2.068680 -11.576205 8.575406 -2.068680 -11.576205 8.575406 -16.806679 8.240795 -3.406594 -5.949679 -11.006206 1.396406 -2.516680 -12.459205
10.112795 -6.063594 -14.855679 10.112795 -6.063594 -14.855679 10.112795 -6.063594 -14.855679 10.112795 -6.063594 -14.855679 10.112795 -6.063594 -14.855679 10.112795 -6.063594 -14.855679 10.112795 -6.063594 -14.855679 10.112795 -6.063594 -14.855679 10.112795 -6.063594 -14.855679 10.112795 -6.063594 -14.855679 10.112795 -6.063594 -14.855679 10.112795 -6.063594 -14.855679 10.112795 -6.063594 -14.855679 10.112795 -6.063594 -14.855679 10.112795 -6.063594 -20.214680 9.441795 -2.272594 -2.516680 -12.459205 2.116406 -2.273679 -13.844205
2.116406 -3.018679 -10.354205 -2.701594 -0.203679 -8.991205 -0.528594 2.179320 -11.521205 -2.055594 1.080320 -10.683205 -5.584594 1.946320 -7.016205 -5.050594 1.946320 -7.016205 -5.050594 1.946320 -7.016205 -5.050594 5.089321 -7.638205 -2.985594 5.089321 -7.638205 -2.985594 5.089321 -7.638205 -2.985594 5.089321 -7.638205 -2.985594 7.227320 -5.684205 -5.447594 7.227320 -5.684205 -5.447594 7.227320 -5.684205 -5.447594 5.045320 -2.576205 -5.283594 5.045320 -2.576205 -5.283594 6.229320 0.390795 -3.257594
-1.399594 -0.203679 -8.991205 -0.528594 2.179320 -11.521205 -2.055594 1.080320 -10.683205 -5.584594 1.946320 -7.016205 -5.050594 5.089321 -7.638205 -2.985594 5.089321 -7.638205 -2.985594 5.089321 -7.638205 -2.985594 7.227320 -5.684205 -5.447594 7.227320 -5.684205 -5.447594 7.227320 -5.684205 -5.447594 7.227320 -5.684205 -5.447594 5.045320 -2.576205 -5.283594 5.045320 -2.576205 -5.283594 5.045320 -2.576205 -5.283594 6.229320 0.390795 -3.257594 6.229320 0.390795 -3.257594 4.433320 1.098795 -0.002594
2.116406 -3.018679 -10.354205 -2.701594 -0.203679 -8.991205 -0.528594 2.179320 -11.521205 -2.055594 1.080320 -10.683205 -5.584594 1.946320 -7.016205 -5.050594 1.946320 -7.016205 -5.050594 1.946320 -7.016205 -5.050594 5.089321 -7.638205 -2.985594 5.089321 -7.638205 -2.985594 5.089321 -7.638205 -2.985594 5.089321 -7.638205 -2.985594 7.227320 -5.684205 -5.447594 7.227320 -5.684205 -5.447594 7.227320 -5.684205 -5.447594 5.045320 -2.576205 -5.283594 5.045320 -2.576205 -5.283594 6.229320 0.390795 -3.257594
-1.399594 -0.203679 -8.991205 -0.528594 2.179320 -11.521205 -2.055594 1.080320 -10.683205 -5.584594 1.946320 -7.016205 -5.050594 5.089321 -7.638205 -2.985594 5.089321 -7.638205 -2.985594 5.089321 -7.638205 -2.985594 7.227320 -5.684205 -5.447594 7.227320 -5.684205 -5.447594 7.227320 -5.684205 -5.447594 7.227320 -5.684205 -5.447594 5.045320 -2.576205 -5.283594 5.045320 -2.576205 -5.283594 5.045320 -2.576205 -5.283594 6.229320 0.390795 -3.257594 6.229320 0.390795 -3.257594 4.433320 1.098795 -0.002594
