0.045321 8.316795 -2.684594 -2.573679 10.426795 -4.438594 -1.892680 8.790795 -7.791594 -2.552680 5.363795 -6.304594 -5.415680 6.476795 -4.036594 -7.800679 3.988795 -5.627594 -5.526680 1.004795 -5.007594 -6.408680 -1.366205 -2.201594 -4.183679 -1.339205 0.868406 -4.233679 -4.679205 2.635406 -2.448679 -3.109205 5.594406 -5.196680 -0.512205 5.910406 -7.878679 -3.198205 5.675406 -6.234679 -5.279205 8.391406 -5.836680 -2.279205 10.692406 -12.625680 3.554795 7.113406 -12.782679 -0.020205 5.844406 -15.789679
-2.573679 10.426795 -4.438594 -1.892680 8.790795 -7.791594 -2.552680 5.363795 -6.304594 -5.415680 6.476795 -4.036594 -7.800679 3.988795 -5.627594 -5.526680 1.004795 -5.007594 -6.408680 -1.366205 -2.201594 -4.183679 -1.339205 0.868406 -4.233679 -4.679205 2.635406 -2.448679 -3.109205 5.594406 -5.196680 -0.512205 5.910406 -7.878679 -3.198205 5.675406 -6.234679 -5.279205 8.391406 -5.836680 -2.279205 10.692406 -9.405679 -1.120205 10.143406 -12.782679 -0.020205 5.844406 -15.789679 0.858795 3.698406 -13.789679
0.045321 8.316795 -2.684594 -2.573679 10.426795 -4.438594 -1.892680 8.790795 -7.791594 -2.552680 5.363795 -6.304594 -5.415680 6.476795 -4.036594 -7.800679 3.988795 -5.627594 -5.526680 1.004795 -5.007594 -6.408680 -1.366205 -2.201594 -4.183679 -1.339205 0.868406 -4.233679 -4.679205 2.635406 -2.448679 -3.109205 5.594406 -5.196680 -0.512205 5.910406 -7.878679 -3.198205 5.675406 -6.234679 -5.279205 8.391406 -5.836680 -2.279205 10.692406 -12.625680 3.554795 7.113406 -12.782679 -0.020205 5.844406 -15.789679
-2.573679 10.426795 -4.438594 -1.892680 8.790795 -7.791594 -2.552680 5.363795 -6.304594 -5.415680 6.476795 -4.036594 -7.800679 3.988795 -5.627594 -5.526680 1.004795 -5.007594 -6.408680 -1.366205 -2.201594 -4.183679 -1.339205 0.868406 -4.233679 -4.679205 2.635406 -2.448679 -3.109205 5.594406 -5.196680 -0.512205 5.910406 -7.878679 -3.198205 5.675406 -6.234679 -5.279205 8.391406 -5.836680 -2.279205 10.692406 -9.405679 -1.120205 10.143406 -12.782679 -0.020205 5.844406 -15.789679 0.858795 3.698406 -13.789679
0.858795 3.698406 -13.789679 3.624795 2.002406 -10.930680 1.234795 1.278406 -13.247679 -1.409205 -0.160594 -15.099680 1.083795 -2.334594 -11.814680 2.437795 -3.693594 -10.731680 -1.118205 -4.467594 -14.027679 -1.820205 -6.203594 -13.758679 1.320795 -8.308594 -10.125680 0.681795 -9.225594 -15.439680 -10.902206 2.870406 -12.326680 -8.710205 2.727406 -12.725679 -7.773205 6.391406 -9.964679 -12.406205 5.350406 -8.036679 -9.558205 6.975406 -2.068680 -11.576205 8.575406 -2.068680 -11.576205 8.575406 -2.068680 -11.576205
3.624795 2.002406 -10.930680 1.234795 1.278406 -13.247679 -1.409205 -0.160594 -15.099680 1.083795 -2.334594 -11.814680 2.437795 -3.693594 -10.731680 -1.118205 -4.467594 -14.027679 -1.820205 -6.203594 -13.758679 1.320795 -8.308594 -10.125680 0.681795 -9.225594 -10.915680 -2.871205 -10.337594 -12.326680 -8.710205 2.727406 -12.725679 -7.773205 6.391406 -13.092680 -11.440206 7.301406 -8.036679 -9.558205 6.975406 -8.968680 -10.652206 10.496406 -14.855679 10.112795 -6.063594 -14.855679 10.112795 -6.063594 -14.855679 10.112795
0.858795 3.698406 -13.789679 3.624795 2.002406 -10.930680 1.234795 1.278406 -13.247679 -1.409205 -0.160594 -15.099680 1.083795 -2.334594 -11.814680 2.437795 -3.693594 -10.731680 -1.118205 -4.467594 -14.027679 -1.820205 -6.203594 -13.758679 1.320795 -8.308594 -10.125680 0.681795 -9.225594 -15.439680 -10.902206 2.870406 -12.326680 -8.710205 2.727406 -12.725679 -7.773205 6.391406 -9.964679 -12.406205 5.350406 -8.036679 -9.558205 6.975406 -2.068680 -11.576205 8.575406 -2.068680 -11.576205 8.575406 -2.068680 -11.576205
3.624795 2.002406 -10.930680 1.234795 1.278406 -13.247679 -1.409205 -0.160594 -15.099680 1.083795 -2.334594 -11.814680 2.437795 -3.693594 -10.731680 -1.118205 -4.467594 -14.027679 -1.820205 -6.203594 -13.758679 1.320795 -8.308594 -10.125680 0.681795 -9.225594 -10.915680 -2.871205 -10.337594 -12.326680 -8.710205 2.727406 -12.725679 -7.773205 6.391406 -13.092680 -11.440206 7.301406 -8.036679 -9.558205 6.975406 -8.968680 -10.652206 10.496406 -14.855679 10.112795 -6.063594 -14.855679 10.112795 -6.063594 -14.855679 10.112795
8.575406 -2.068680 -11.576205 8.575406 -2.068680 -11.576205 8.575406 -2.068680 -11.576205 8.575406 -2.068680 -11.576205 8.575406 -7.800679 3.988795 -5.627594 -5.526680 1.004795 -5.007594 -2.068680 -11.576205 8.575406 -5.415680 6.476795 -4.036594 -7.800679 3.988795 -5.627594 -5.526680 1.004795 -5.007594 -2.068680 -11.576205 8.575406 -2.552680 5.363795 -6.304594 -5.415680 6.476795 -4.036594 -2.068680 -11.576205 8.575406 -2.552680 5.363795 -6.304594 -2.068680 -11.576205 8.575406 -2.068680 -11.576205 8.575406
-6.063594 -14.855679 10.112795 -6.063594 -14.855679 10.112795 -6.063594 -14.855679 10.112795 -6.063594 -14.855679 10.112795 -6.063594 -5.526680 1.004795 -5.007594 -6.408680 -1.366205 -2.201594 -14.855679 10.112795 -6.063594 -7.800679 3.988795 -5.627594 -5.526680 1.004795 -5.007594 -6.408680 -1.366205 -2.201594 -14.855679 10.112795 -6.063594 -5.415680 6.476795 -4.036594 -7.800679 3.988795 -5.627594 -14.855679 10.112795 -6.063594 -5.415680 6.476795 -4.036594 -14.855679 10.112795 -6.063594 -14.855679 10.112795 -6.063594
8.575406 -2.068680 -11.576205 8.575406 -2.068680 -11.576205 8.575406 -2.068680 -11.576205 8.575406 -2.068680 -11.576205 8.575406 -7.800679 3.988795 -5.627594 -5.526680 1.004795 -5.007594 -2.068680 -11.576205 8.575406 -5.415680 6.476795 -4.036594 -7.800679 3.988795 -5.627594 -5.526680 1.004795 -5.007594 -2.068680 -11.576205 8.575406 -2.552680 5.363795 -6.304594 -5.415680 6.476795 -4.036594 -2.068680 -11.576205 8.575406 -2.552680 5.363795 -6.304594 -2.068680 -11.576205 8.575406 -2.068680 -11.576205 8.575406
-6.063594 -14.855679 10.112795 -6.063594 -14.855679 10.112795 -6.063594 -14.855679 10.112795 -6.063594 -14.855679 10.112795 -6.063594 -5.526680 1.004795 -5.007594 -6.408680 -1.366205 -2.201594 -14.855679 10.112795 -6.063594 -7.800679 3.988795 -5.627594 -5.526680 1.004795 -5.007594 -6.408680 -1.366205 -2.201594 -14.855679 10.112795 -6.063594 -5.415680 6.476795 -4.036594 -7.800679 3.988795 -5.627594 -14.855679 10.112795 -6.063594 -5.415680 6.476795 -4.036594 -14.855679 10.112795 -6.063594 -14.855679 10.112795 -6.063594
